1
1
1
1

1
1
0
1

1
1
100000
1

1
1
-1
1

1
1
-100000
1

2
7 4
0
7 4

2
7 4
1
4 7

2
7 4
2
7 4

2
7 4
-1
4 7

2
7 4
-2
7 4

2
7 4
3
4 7

2
7 4
-3
4 7

3
1 2 3
0
1 2 3

3
1 2 3
1
3 1 2

3
1 2 3
-1
2 3 1

3
1 2 3
2
2 3 1

3
1 2 3
-2
3 1 2

3
1 2 3
6
1 2 3

3
1 2 3
-6
1 2 3

3
1 2 3
5
2 3 1

3
1 2 3
-5
3 1 2

5
5 3 7 4 6
3
7 4 6 5 3

10
1 24 2 3 4 4 5 6 3 104
-12341
24 2 3 4 4 5 6 3 104 1

10
1 24 2 3 4 4 5 6 3 104
12341
104 1 24 2 3 4 4 5 6 3

4
75 98 10 91
2
10 91 75 98

4
97 4 97 36
-98
97 36 97 4

6
53 28 53 14 89 64
-75
14 89 64 53 28 53